Laptop|Electronics|1200|-858993460,,-858993460|1,,2024|2,,2024
Smartphone|Electronics|800|-858993460,,-858993460|1,,2024|2,,2024|-858993460,,-858993460|3,,2024|4,,2024
Mountain Bike|Sports|950|-858993460,,-858993460|1,,2024|2,,2024|-858993460,,-858993460|3,,2024|4,,2024|-858993460,,-858993460|5,,2024
Vacuum Cleaner|Home|300|-858993460,,-858993460|1,,2024|2,,2024|-858993460,,-858993460|3,,2024|4,,2024|-858993460,,-858993460|5,,2024|-858993460,,-858993460|6,,2024|7,,2024
Desk Chair|Furniture|150|-858993460,,-858993460|1,,2024|2,,2024|-858993460,,-858993460|3,,2024|4,,2024|-858993460,,-858993460|5,,2024|-858993460,,-858993460|6,,2024|7,,2024|-858993460,,-858993460|8,,2024
Gaming Console|Entertainment|500|-858993460,,-858993460|1,,2024|2,,2024|-858993460,,-858993460|3,,2024|4,,2024|-858993460,,-858993460|5,,2024|-858993460,,-858993460|6,,2024|7,,2024|-858993460,,-858993460|8,,2024|-858993460,,-858993460|9,,2024|10,,2024
Bookshelf|Furniture|200|-858993460,,-858993460|1,,2024|2,,2024|-858993460,,-858993460|3,,2024|4,,2024|-858993460,,-858993460|5,,2024|-858993460,,-858993460|6,,2024|7,,2024|-858993460,,-858993460|8,,2024|-858993460,,-858993460|9,,2024|10,,2024|-858993460,,-858993460|2,,2024
Smartwatch|Electronics|250|-858993460,,-858993460|1,,2024|2,,2024|-858993460,,-858993460|3,,2024|4,,2024|-858993460,,-858993460|5,,2024|-858993460,,-858993460|6,,2024|7,,2024|-858993460,,-858993460|8,,2024|-858993460,,-858993460|9,,2024|10,,2024|-858993460,,-858993460|2,,2024|-858993460,,-858993460|3,,2024|5,,2024
Coffee Machine|Home|350|-858993460,,-858993460|1,,2024|2,,2024|-858993460,,-858993460|3,,2024|4,,2024|-858993460,,-858993460|5,,2024|-858993460,,-858993460|6,,2024|7,,2024|-858993460,,-858993460|8,,2024|-858993460,,-858993460|9,,2024|10,,2024|-858993460,,-858993460|2,,2024|-858993460,,-858993460|3,,2024|5,,2024|-858993460,,-858993460|6,,2024|7,,2024
Headphones|Electronics|150|-858993460,,-858993460|1,,2024|2,,2024|-858993460,,-858993460|3,,2024|4,,2024|-858993460,,-858993460|5,,2024|-858993460,,-858993460|6,,2024|7,,2024|-858993460,,-858993460|8,,2024|-858993460,,-858993460|9,,2024|10,,2024|-858993460,,-858993460|2,,2024|-858993460,,-858993460|3,,2024|5,,2024|-858993460,,-858993460|6,,2024|7,,2024|-858993460,,-858993460|1,,2024|8,,2024
TV|TV|450
